0.695962 1.2774 1.82695 2.03446 1.15032 3.00598 2.04399 3.09071 2.69876 2.19063 3.87687 3.51185 2.41715 3.39893 2.26917 3.778 4.16424 1.95427 1.41409 1.75405 2.52118 2.10793 3.08442 2.70066 1.51458 3.49162 2.88634 3.00942 3.36836 1.81051 0.955694 2.19621 2.26321 
1.59445 25.594 0.411064 0.0284825 0.302535 0.0931854 0.329082 0.148354 0.00269876 0.0197157 0.0387687 0.00351185 0.00241715 0.00339893 0.476525 1.25052 6.73357 5.05765 12.0904 1.81018 5.27178 9.63322 0.987015 7.12164 7.80462 3.67318 6.69053 5.79313 5.4298 12.3404 9.16606 9.08133 8.39651 
3.98369 0.0932502 36.8149 0.00203446 0.132287 0.0150299 0.198267 0.213259 0.172721 0.00438126 0.00387687 0.00351185 0.00241715 0.0169947 12.4555 0.691375 1.60323 4.46355 9.36833 1.80141 2.40016 20.3605 1.19984 2.71146 6.01893 3.81983 3.38279 7.55966 5.84074 7.40861 9.232 5.70356 9.51454 
2.08162 0.0217158 0.297793 40.6893 0.0161045 0.00601196 0.0797155 0.108175 0.183516 0.00876251 0.00387687 0.00351185 0.00241715 0.00339893 7.89671 0.804715 1.70317 4.64335 6.06361 1.6488 2.35478 2.41358 1.10422 3.36772 4.91026 2.9155 5.94297 3.36453 3.70857 5.8552 8.71115 3.90925 6.56558 
7.66741 0.0996372 1.05598 0.00203446 23.0594 0.0210419 0.361786 0.0772678 0.0998543 0.00657189 0.00387687 0.00702371 0.0338401 0.00679787 5.45508 15.8147 1.12018 8.6711 7.38153 10.0858 7.60891 2.57167 6.30147 4.12121 3.26846 4.56006 5.282 4.90535 2.03786 8.35732 11.2151 9.9049 7.65418 
0.690394 0.0178836 0.137021 0.00203446 0.0241568 60.1437 0.0633636 0.00309071 0.00809629 0.0153344 0.00387687 0.00351185 0.00241715 0.00339893 1.63153 0.034002 0.0541351 2.2865 1.16379 2.31534 1.53035 1.14671 1.18133 2.64935 0.840591 0.485335 1.08526 0.752355 0.249259 1.57333 0.970029 1.52637 1.2855 
1.42951 0.0549282 0.699722 0.00203446 0.092026 0.00300598 40.9799 0.00309071 0.0431802 0.0416219 0.00387687 0.00351185 0.00241715 0.00339893 4.87871 0.01889 0.0916132 4.18605 3.05867 6.08479 2.26654 2.33769 2.594 1.94988 2.16585 1.77723 2.34082 2.04941 0.875775 4.36333 4.52808 3.74673 3.68903 
0.241499 0.006387 0.0127887 0.00203446 0.0575162 0.00300598 0.00204399 61.8173 0.00269876 0.00219063 0.00387687 0.00351185 0.00966861 0.00339893 0.215571 0.034002 0.00416424 1.44616 1.28682 2.7521 4.0717 0.916948 1.73961 1.6582 1.85081 0.586592 0.507995 0.240754 0.835354 1.02475 1.54631 1.24964 0.547697 
0.505268 0.0114966 0.160772 0.00203446 0.0828234 0.00300598 0.00817595 0.00309071 53.9753 0.00219063 0.00387687 0.00351185 0.00241715 0.00339893 0.145227 0.003778 0.00416424 1.9445 2.85646 3.78874 2.05224 2.01939 1.3263 2.0498 3.94396 0.551676 0.525313 0.905835 1.86944 2.8932 1.34084 2.57835 1.83546 
0.0709881 0.0038322 0.00913476 0.00203446 0.00115032 0.00300598 0.00817595 0.00309071 0.0188913 43.8126 0.00387687 0.00351185 0.00241715 0.00339893 2.44616 0.0491141 0.399767 1.52433 3.59744 1.62074 0.592477 2.83305 0.697079 0.842606 3.18667 3.43226 3.01333 2.68139 2.853 3.76586 6.91827 1.89533 3.8452 
0.0528931 0.0051096 0.00182695 0.00203446 0.00115032 0.00300598 0.00204399 0.00927214 0.0107951 0.00219063 77.5374 0.00351185 0.00241715 0.00339893 0.687558 0.0491141 0.0416424 0.287278 1.91609 0.401677 0.184046 0.438449 0.416397 0.36729 0.548277 0.425978 0.349247 0.409281 0.609674 0.869046 0.191139 0.430457 0.649542 
3.00795 0.0370446 0.325197 0.00203446 0.00115032 0.0180359 0.0449677 0.00309071 0.00539753 0.00219063 0.00387687 70.2406 0.00241715 0.00339893 2.72754 1.51498 0.154077 0.541333 0.765021 0.413955 0.229427 0.276138 0.141883 0.234957 0.831503 0.0663408 0.744675 0.472479 0.151576 0.733257 0.690967 0.379944 0.199163 
3.97951 0.0153288 0.440295 0.00203446 0.00230065 0.00300598 0.0347478 0.021635 0.213202 0.00219063 0.00387687 0.00351185 48.343 0.00339893 2.83646 0.143564 0.499709 1.83897 3.32735 1.29975 0.794171 1.90556 0.860553 1.02895 3.47293 2.26955 2.87768 2.60917 1.74481 3.65361 3.4233 10.2343 2.33563 
0.121097 0.0140514 0.0621163 0.00203446 0.0046013 0.00300598 0.0102199 0.00927214 0.0296864 0.00219063 0.00387687 0.00351185 0.00241715 67.9787 9.87542 0.030224 0.0666278 0.865742 0.899359 8.50187 0.70593 0.465852 0.749514 1.17749 0.745172 0.38757 0.20493 0.800506 0.569254 1.04285 2.68263 1.11348 1.29003 
0.104394 3.26887 0.630298 1.56247 2.62734 0.105209 0.0510997 3.17107 0.0593728 0.00219063 1.00023 0.00351185 0.00241715 0.00679787 45.4651 0.003778 0.00416424 1.33477 1.53146 0.422725 0.726099 2.26813 0.0863638 2.95722 8.5195 0.628492 2.17052 2.13067 0.990299 1.92276 1.88845 0.751104 2.5778 
0.126665 0.0178836 0.00182695 0.00203446 0.0632678 0.0420837 0.0102199 0.00618142 0.00269876 0.00219063 0.00387687 0.00351185 0.00241715 0.00339893 0.0158842 75.5601 0.00416424 0.812976 0.745224 0.664784 0.579871 0.377319 0.434903 0.507724 0.474063 0.464385 1.78953 0.0812543 1.25977 0.753173 0.603999 0.59078 0.760439 
0.0389739 0.0012774 0.00182695 0.00203446 0.00230065 0.00300598 0.00204399 0.00309071 0.00269876 0.00657189 0.00387687 0.00351185 0.00241715 0.00339893 0.00226917 0.003778 83.2848 0.390854 0.855523 0.43325 0.242033 0.763069 0.166559 0.194447 0.589171 0.0488827 0.00288634 0.15649 0.074104 0.336755 0.274284 0.142754 0.635962 
2.62656 2.06556 4.24218 0.697821 3.68449 1.96892 2.92903 2.01514 2.35062 1.88613 0.147321 3.10097 3.42994 3.73203 0.0158842 0.00755601 0.00416424 39.0913 0.0395944 0.0105243 0.00252118 0.0210793 0.00308442 0.00270066 3.32298 0.0593575 0.00577267 0.0300942 0.00336836 0.382018 0.643182 0.0329431 0.0271585 
4.71514 6.9299 6.16596 5.38523 7.91538 2.60619 5.98888 4.15392 3.51379 3.33633 0.031015 6.33538 16.6276 5.65243 0.0794209 0.0831161 0.00416424 1.51456 28.3072 3.8361 0.00756353 0.00421585 0.00308442 0.307875 10.6869 0.136173 0.00288634 0.00601884 0.0842091 1.74533 2.72086 0.0197659 0.160688 
9.26325 7.62608 6.02711 6.18477 4.61165 2.50098 3.01488 0.741771 1.78118 2.08767 0.00387687 3.08341 2.32772 1.44795 0.0544601 0.003778 0.00416424 0.0371311 0.0438367 35.0915 0.0126059 0.0337268 0.00925326 0.0216053 3.22302 0.0907821 0.0144317 0.0270848 0.0134735 0.456249 0.9232 0.0175697 0.0837388 
4.9643 1.68361 2.05897 0.195309 4.02383 0.574143 1.51459 0.800495 1.82976 0.819295 0.294642 0.702371 3.4251 2.25349 0.0113458 0.003778 0.00416424 0.00195427 0.049493 0.0526214 50.4236 0.0189713 0.0185065 0.00270066 0.127225 0.0209497 0.00288634 0.0722261 0.00336836 0.208209 0.865859 0.0351393 0.0226321 
8.34389 2.67615 2.62167 0.553374 2.76078 0.511017 2.79617 1.15284 1.16317 1.12598 0.00387687 3.36787 6.18066 3.90537 0.0612676 0.003778 0.00416424 0.00390854 0.049493 0.0245567 0.123538 42.1648 0.0154221 0.00270066 0.0545248 0.00349162 0.00288634 0.0120377 0.0134735 0.24804 2.24588 0.00878484 0.12674 
8.52832 1.36171 2.82812 1.5523 1.36544 0.826645 1.37152 0.234894 0.450694 0.602423 0.158952 1.66462 1.81528 0.554026 0.00453834 0.003778 0.00416424 0.00781708 0.0113127 0.00350809 0.00252118 0.00421585 61.6884 0.0216053 0.0908747 0.00349162 0.00288634 0.0150471 0.00673673 0.181051 0.490271 0.0153735 0.0226321 
4.35046 3.54223 2.81168 0.181067 1.99926 0.36673 1.92544 1.53299 0.442597 0.865298 0.228735 1.74539 1.27867 2.04956 0.013615 0.003778 0.00416424 0.0254055 0.0268677 0.0192945 0.00252118 0.00210793 0.00308442 54.0132 0.463461 0.00698324 0.00288634 0.00300942 0.0101051 0.258903 0.372721 0.0131773 0.0248953 
7.3076 10.863 3.35428 7.16945 8.36746 2.08315 3.0251 2.5622 3.74588 1.03617 0.0775374 3.83494 7.89442 5.47228 0.0363067 0.011334 0.00416424 1.60055 0.18666 5.46386 0.0126059 0.0505902 0.0215909 0.0108026 30.3415 0.0104749 0.00865901 0.00300942 0.00673673 0.539533 2.00791 0.0658863 0.0927917 
1.55269 0.726841 1.66435 0.502513 1.37579 0.772537 1.31428 1.60408 0.631511 0.31326 0.0232612 0.165057 1.59049 0.326298 0.0158842 0.003778 0.00416424 0.0117256 0.320998 0.0157864 0.00252118 0.00421585 0.00308442 0.00810198 0.0227187 69.8359 0.00288634 0.00300942 0.00336836 0.0525048 0.48167 0.00439242 0.0475274 
2.33565 2.95463 2.58514 0.480133 2.42373 0.150299 1.03835 2.70746 0.299563 2.6879 0.503993 1.20808 0.877426 1.22022 0.0340375 0.003778 0.00416424 0.00195427 0.00989861 0.036835 0.08572 0.0737774 0.00616884 0.00270066 0.0439228 0.0139665 57.7296 0.00601884 0.00336836 0.329513 0.837188 0.010981 0.0135793 
0.18095 7.07807 3.484 1.41395 1.81176 0.0240479 2.9556 1.1312 2.21299 4.53241 0.00775374 0.0702371 0.236881 0.169947 0.00907668 0.015112 0.00416424 0.00390854 0.0113127 0.00877024 0.0731142 0.0948567 2.01104 0.00270066 0.00151458 0.00349162 0.00288634 60.1884 0.00336836 0.0525048 0.0152911 0.010981 0.0158425 
1.33973 1.06024 1.31723 0.201412 3.40956 0.423843 1.24479 0.43579 0.623414 0.372407 0.00387687 0.628622 1.67025 1.5839 0.00226917 0.003778 0.00416424 0.00390854 0.00141409 0.00526214 0.2143 0.472175 0.114124 0.00270066 0.0424082 0.00349162 0.00288634 0.00601884 67.3673 0.10682 0.939447 0.00658863 0.00678963 
2.28972 4.11067 3.58631 4.3863 9.06571 3.64024 6.7799 3.38742 7.83991 3.86427 0.469101 0.0456541 0.439922 0.0339893 0.0703442 0.003778 0.00416424 5.59898 0.0707044 3.55195 7.94171 0.0252951 3.25715 4.33996 0.181749 0.0803073 0.0202044 0.0391225 0.00336836 36.2265 0.515119 0.0153735 0.0158425 
8.92502 5.50304 7.69695 20.9184 11.8955 14.2484 5.19786 8.05749 10.679 19.3805 15.0384 0.0772608 0.580117 0.098569 0.0204225 0.003778 0.00416424 9.70686 12.3521 5.88834 6.85508 3.80059 9.17307 5.57956 0.0530102 0.0209497 2.39277 0.0210659 0.00336836 0.00905256 19.1502 0.00878484 0.0158425 
5.36448 3.21138 3.3214 0.862613 3.3739 1.90579 4.84425 0.525421 2.94975 7.84902 0.0503993 0.0842845 0.502768 0.0305904 0.0453834 0.003778 0.00416424 0.00977135 0.103228 0.0456052 0.070593 0.343592 0.394806 0.0378092 0.546763 0.0453911 0.00288634 1.61004 0.00336836 0.470733 1.83111 43.9374 0.0113161 
1.51998 8.06678 3.34515 4.97426 4.29531 3.92281 9.82953 0.265801 1.9566 3.11726 0.453594 0.0772608 0.287641 0.0203936 0.0453834 0.0566701 0.00416424 0.130936 0.0947438 0.145586 0.0378177 0.0505902 0.206656 0.00270066 0.112079 0.0803073 0.00577267 0.036113 0.00336836 0.0289682 1.62181 0.362375 45.2665 
