0.0110574 0.0760933 0.123288 0.0872713 0.0487951 0.326735 0.12812 0.0884955 0.101971 0.0577933 0.683452 0.441003 0.155112 0.383228 0.0624148 1.2341 0.349175 0.0849495 0.0708097 0.152243 0.37347 0.0876944 0.487707 0.0931781 0.0469298 0.351236 0.0685367 0.299113 0.377909 0.111846 0.0248565 0.176264 0.195627 
1.67738 6.39368 0.22428 0.000218178 0.160372 0.000431291 0.0283107 0.463652 0.000101971 3.69877e-005 0.000765467 0.000441003 1.55112e-006 0.000383228 0.0959578 0.0012341 63.3048 1.0939 8.64509 3.6918 4.33499 21.9515 0.606235 12.4857 2.46917 2.47242 6.09213 7.19369 6.04864 8.02992 5.47555 7.78711 15.5614 
5.20903 0.810748 9.94526 8.72713e-005 0.0108354 3.92083e-005 0.021528 0.472656 0.158348 5.77933e-007 0.000683452 0.000441003 0.000155112 3.83228e-005 40.6101 0.0012341 2.59833 3.39579 8.8515 1.53937 3.79332 10.901 1.3073 0.861108 5.7443 9.23033 6.58254 6.27743 7.95018 14.5503 8.47049 5.30484 8.32626 
5.78055 0.438742 0.0936507 6.9817 0.000459649 1.30694e-005 0.0145955 0.624045 0.0292851 0.000230595 0.000683452 0.000441003 0.000155112 3.83228e-006 4.69686 0.0012341 2.83029 6.72526 15.0868 2.03411 4.07322 3.22652 0.921913 6.73006 5.2624 16.5164 17.0393 20.0059 7.32654 18.7926 25.4037 16.2044 16.2634 
10.2525 0.254011 0.519055 8.72713e-005 3.90452 3.26735e-005 0.00723751 39.653 0.0125302 5.77933e-006 6.15107e-005 0.000441003 0.000324183 3.83228e-006 1.34602 0.0012341 1.8296 20.383 3.8774 4.8658 9.08804 1.41277 35.504 6.01082 5.77164 6.63582 4.51371 3.51644 4.1694 13.0987 13.3616 10.9315 4.48874 
0.11819 0.16764 0.00311918 8.72713e-005 0.00317949 26.1397 0.00623689 0.000474336 1.73351e-005 0.0133595 0.000683452 0.000441003 0.000155112 0.000383228 0.153952 0.0012341 0.00104054 2.79477 0.180929 1.81348 2.26515 3.17155 0.622554 0.939184 3.47339 0.192677 0.551075 0.773969 0.0634056 0.461645 0.158409 1.61133 0.659604 
4.40892 0.244756 0.0950056 8.72713e-005 0.00523181 0.000326735 10.286 9.02654e-005 0.00185078 0.000541523 0.000683452 0.000441003 0.000155112 0.000383228 0.357628 0.0012341 0.00282832 2.25762 0.507362 11.4911 1.75515 3.2923 0.947094 0.789592 3.13453 2.09943 0.984298 2.19498 0.452236 0.847921 0.996332 1.2454 0.861011 
0.449195 0.00332756 0.000140548 8.72713e-005 0.0034747 0.000241784 5.12481e-006 7.07978 0.000101971 2.31173e-005 0.000683452 0.000441003 0.00011168 0.000383228 0.00705974 0.0012341 0.000349175 11.4937 3.70723 8.41327 7.33709 1.81662 1.29435 1.61714 11.1336 2.38167 20.2432 0.640221 11.9921 1.47386 2.87404 5.87804 2.17668 
5.32341 0.000812677 0.658431 8.72713e-005 0.00147654 0.000326735 0.000274177 8.84955e-005 8.1577 2.31173e-006 0.000683452 0.000441003 0.000155112 0.000383228 0.00378359 0.0012341 1.74588e-005 5.70056 2.99969 6.70578 3.15357 5.90419 0.394492 42.1537 4.01048 0.165179 1.24069 0.371612 3.29516 8.52488 0.887353 1.46668 8.09206 
0.0160662 0.628294 0.000203425 8.37805e-005 4.87951e-005 3.59409e-005 4.22797e-005 0.00638053 0.00324065 4.62346 0.000683452 0.000441003 0.000155112 0.000383228 1.88492 0.0012341 0.0648524 4.89208 7.65819 3.44136 2.40096 16.0126 0.639804 15.092 25.5102 12.68 7.69291 7.3217 21.2926 9.70517 6.18194 8.63115 12.6734 
0.0294676 0.0303399 0.000123288 8.72713e-005 4.87951e-005 0.000326735 0.00012812 0.00637345 2.75323e-005 5.77933e-005 54.6762 0.000441003 0.000155112 0.000383228 0.140034 0.0012341 0.0576768 0.539054 0.190746 0.313472 0.0349195 0.0360599 0.27435 0.0254777 0.256673 0.0450074 1.8354 0.0244764 0.778919 0.570235 0.0241963 1.00975 0.196636 
0.659738 6.01137e-005 0.0170076 8.72713e-005 4.87951e-005 0.000686144 0.00789861 0.707471 0.000101971 5.77933e-005 0.000683452 35.2802 0.000155112 0.000383228 4.8049 0.0012341 0.00786343 0.601481 0.670854 0.225229 0.109434 0.0339754 0.0206008 0.113659 0.129093 0.146023 1.94237 0.165071 0.039722 0.282303 0.145203 1.29354 0.0198013 
1.39876 0.120149 0.102336 8.72713e-005 4.87951e-005 0.000326735 0.000105059 0.0697406 0.0278198 5.77933e-005 0.000683452 0.000441003 12.4089 0.000383228 3.01298 0.0012341 0.53788 4.70791 10.2975 0.813793 1.90189 1.88463 0.292142 0.499638 2.72268 10.6716 2.32013 8.82951 2.78892 3.60708 3.26269 16.9096 2.99855 
0.458293 0.257406 0.0133373 8.72713e-005 0.00035474 0.000326735 0.000376673 0.0665902 0.0093263 5.77933e-005 0.000683452 4.41003e-005 6.20447e-006 30.6583 36.8965 0.0012341 0.476946 0.912776 2.14341 16.5074 2.50263 0.851033 0.611478 1.27566 2.64182 2.69854 4.36875 6.65326 1.05082 2.83711 10.8627 5.57251 4.50245 
0.00896567 6.25204 3.81303 10.5266 9.37596 0.01238 0.0027879 0.573783 0.269079 5.77933e-005 16.0984 0.000441003 1.55112e-006 0.000383228 5.91619 0.0012341 0.000349175 0.444681 8.85331 1.38323 2.41512 1.8834 0.0448935 0.696858 11.9337 5.6068 12.3475 11.7073 1.87187 6.0719 8.63677 1.6934 5.6371 
1.10574e-005 7.60933e-005 0.000123288 8.72713e-005 4.87951e-005 0.000326735 0.00012812 8.84955e-005 0.000101971 5.77933e-005 0.000683452 0.000441003 0.000155112 0.000383228 6.24148e-005 98.7276 0.000349175 8.49495e-005 7.08097e-005 0.000152243 0.00037347 8.76944e-005 0.000487707 9.31781e-005 4.69298e-005 0.000351236 6.85367e-005 0.000299113 0.000377909 0.000111846 2.48565e-005 0.000176264 0.000195627 
0.00163207 7.60933e-005 0.000123288 8.72713e-005 8.29516e-006 0.000326735 0.00012812 8.84955e-005 0.000101971 5.77933e-007 0.000683452 8.82005e-006 0.000155112 0.000383228 6.24148e-005 0.0012341 27.934 3.12277 1.14926 0.264051 0.147905 0.848326 0.0235416 0.340656 5.45829 5.97101e-005 6.85367e-007 0.0160833 0.128999 0.447864 0.178406 0.0769426 1.64479 
8.66911 0.384567 4.69379 0.535352 4.89048 1.74382 1.1264 0.62138 2.34143 0.923875 0.099538 4.56514 2.27563 17.1581 0.000541136 0.0012341 0.000349175 6.796 0.00130502 0.000930207 0.00037347 3.68316e-005 0.000487707 9.31781e-005 1.71869 0.000783256 6.85367e-005 0.000188441 0.000377909 0.0369172 0.0678157 0.00172386 7.43381e-005 
2.89772 5.71026 40.1338 18.5368 4.74436 1.90607 2.49724 3.75053 7.8507 2.3926 0.000902157 8.75452 19.7935 24.3818 0.001101 0.0012341 0.000349175 0.90409 5.66642 1.56637 0.000168062 8.76944e-007 6.3402e-005 0.00336652 3.58274 0.002132 6.85367e-005 0.000299113 0.138334 0.33663 2.91668 0.000519978 0.00760596 
3.66136 1.80833 6.43178 3.2216 2.08895 1.19894 2.50127 0.0820327 0.208917 0.832219 1.3669e-005 4.55728 3.18382 1.17779 0.000830741 0.0012341 0.000349175 0.00082486 0.000732881 12.1796 0.000141919 0.00312017 0.000102419 0.000267421 1.07432 0.0022725 1.09659e-005 0.000427731 1.88954e-005 0.273731 0.227378 0.000163925 0.00478503 
0.973302 0.450507 0.817322 0.0373975 1.10649 0.223448 0.759461 1.52499 0.23574 0.0212702 0.211276 0.16998 3.09499 6.56891 0.000996764 0.0012341 0.000349175 3.99263e-005 0.00266386 0.00102155 29.8776 0.000159604 0.000809594 9.31781e-006 0.00216018 0.000396896 6.85367e-005 0.0113035 0.000377909 0.00622985 0.0366029 0.000706817 5.28192e-005 
6.61213 1.33671 0.866241 2.01787 0.814705 0.146802 1.33227 5.19868 0.301353 0.140609 0.000109352 27.9419 30.2496 7.47075 0.00235054 0.0012341 0.000349175 4.24747e-006 0.00167607 0.000847996 0.0100463 7.01591 0.000136558 1.67721e-005 0.000164724 0.000351236 6.85367e-005 4.18758e-005 0.00012471 0.0455439 2.12568 0.000109283 0.0318441 
0.490078 0.370961 1.11589 0.861315 0.133019 0.11572 0.251123 0.00338141 0.0869163 2.49149 0.168676 0.635432 0.697588 0.188751 0.000187244 0.0012341 0.000349175 3.56788e-005 4.53182e-005 0.000108093 0.00037347 3.50777e-006 39.0166 0.000969052 0.00131357 0.000351236 2.0561e-006 0.00122935 0.00033256 0.0145434 0.0546261 0.000900707 0.000993783 
10.052 0.89107 2.42462 0.0489182 0.276926 0.348483 1.26815 0.5908 0.518774 0.416022 0.297965 1.06815 1.06744 1.79337 4.05696e-005 0.0012341 0.000349175 0.000355938 0.00176954 0.00041258 0.00037347 8.76944e-005 4.87707e-006 7.45424 0.118579 3.51236e-006 6.85367e-005 2.99113e-006 0.00114884 0.0112406 0.0415509 0.000267921 0.000133026 
13.7461 12.7378 8.03392 13.7303 10.495 0.745872 1.13784 0.889205 48.217 0.851545 0.00547445 10.6648 14.305 6.94003 0.000700918 0.0012341 0.000349175 0.314458 0.00706964 5.64318 0.000534062 0.0291408 0.0118659 7.08153e-005 3.75449 0.0003126 0.000981445 0.000299113 1.13373e-005 0.0554971 0.586273 0.00249237 0.00411403 
0.78693 0.309671 1.58211 0.487362 3.25691 1.04943 0.910886 1.39162 0.0362008 0.082141 0.00414856 0.0117483 0.641115 0.0319038 6.61597e-005 0.0012341 0.000349175 3.31303e-005 0.0236639 0.000942387 0.00037347 4.38472e-006 4.87707e-006 4.75208e-005 0.000238873 28.0992 6.85367e-005 0.000299113 0.000377909 0.00348737 0.922606 1.76264e-005 0.00369734 
6.24153 10.7841 2.44838 0.916599 16.9862 0.0179084 1.34917 12.7475 0.281724 7.38379 4.25234 2.89621 2.60188 1.34851 0.000325181 0.0012341 0.000349175 2.63343e-005 3.96535e-005 0.000723156 0.0151853 0.0110434 0.000292624 9.31781e-005 0.000705824 0.000115908 5.48299 2.99113e-006 0.000377909 0.0683438 0.550257 0.0001604 5.67317e-005 
0.00402168 8.46682 3.23314 1.53374 0.5803 0.000248319 4.02764 0.433311 2.58661 4.08317 0.00657481 0.0124804 0.00812009 0.0516745 6.86563e-006 0.0012341 0.000349175 4.58727e-005 4.31939e-005 5.78525e-005 0.0139977 0.00558613 4.46415 9.31781e-005 4.69298e-005 0.000351236 6.85367e-005 23.929 1.51164e-005 0.000166651 0.000213766 5.8167e-005 0.00100748 
0.843201 0.638306 0.88746 0.0713382 1.60772 0.276895 0.284449 0.691786 0.250169 0.283025 0.000683452 0.185124 6.42443 1.83864 6.24148e-005 0.0012341 0.000349175 5.09697e-006 7.08097e-005 5.63301e-005 0.0854948 0.0353014 0.348925 9.31781e-005 0.00114227 0.000351236 6.85367e-005 0.000221343 30.2327 0.00579476 0.162523 3.52527e-006 0.000346259 
1.63645 2.72855 1.43035 3.55965 3.8699 3.55842 3.09546 9.51861 1.3361 1.80574 6.82527 0.00295472 0.871808 0.00202345 0.00255464 0.0012341 0.000349175 5.26073 0.0032792 1.70934 16.8484 7.62941e-005 3.21806 0.814443 0.00317809 0.00138387 0.000159005 0.00156137 0.000377909 8.95807 1.7527 7.57934e-005 9.5857e-005 
4.0494 28.6151 7.22683 25.0332 20.906 37.2063 53.3662 12.6775 14.9676 63.9318 15.3039 2.25442 0.266555 0.00421934 0.000667838 0.0012341 0.000349175 17.5658 19.3946 15.2179 7.44153 19.3363 8.52951 2.00272 0.00217989 0.00013347 6.69287 0.000227326 0.000377909 0.000175599 2.00812 2.46769e-005 0.00029344 
2.46412 3.86458 1.8162 4.93503 4.11535 15.402 4.61725 0.0613814 10.6204 3.02426 0.0257867 0.521049 1.60677 8.0478e-005 0.000632886 0.0012341 0.000349175 5.43677e-005 0.00625321 0.00251202 0.0208994 0.226181 0.394019 0.000353145 0.0382281 0.000526854 6.85367e-005 0.0609652 0.000377909 0.769232 1.04883 14.1017 5.8688e-005 
1.06961 5.22583 1.25125 6.87757 1.6134 9.58117 10.9732 0.00540265 1.38989 6.64128 1.33482 0.0356021 0.347284 0.000153291 0.000405072 0.0012341 0.000349175 0.00825454 0.0013815 0.0228776 0.00208396 0.0242773 0.0281749 1.21131e-005 0.00353381 0.00217415 0.000408479 0.00680482 0.000102035 0.0022593 0.55434 0.101188 15.6501 
