0.0110574 0.0697264 0.107399 0.0789982 0.0460959 0.23471 0.111047 0.0799999 0.0908539 0.0540451 0.375494 0.288387 0.130771 0.262508 0.0580658 0.497436 0.24607 0.0770909 0.0652641 0.128726 0.257892 0.0793447 0.307653 0.0838073 0.0444278 0.247091 0.0633283 0.220108 0.260001 0.0986113 0.0241366 0.14549 0.158434 
1.67738 14.2259 0.195375 0.000197495 0.151501 0.000309817 0.0245381 0.419141 9.08539e-005 3.45889e-005 0.000420553 0.000288387 1.30771e-006 0.000262508 0.0892715 0.000497436 44.6119 0.992701 7.96803 3.12152 2.99344 19.8615 0.382423 11.23 2.33753 1.73932 5.62917 5.29362 4.16146 7.07971 5.31696 6.42757 12.6028 
5.20903 0.742911 21.5514 7.89982e-005 0.0102361 2.81652e-005 0.0186593 0.427281 0.141084 5.40451e-007 0.000375494 0.000288387 0.000130771 2.62508e-005 37.7804 0.000497436 1.83109 3.08165 8.15827 1.30158 2.6194 9.86304 0.824665 0.774507 5.43805 6.49345 6.0823 4.61937 5.46972 12.8285 8.22515 4.37868 6.74326 
5.78055 0.402032 0.0815811 15.7996 0.000434224 9.38839e-006 0.0126505 0.564136 0.0260923 0.00021564 0.000375494 0.000288387 0.000130771 2.62508e-006 4.36959 0.000497436 1.99455 6.10311 13.9053 1.7199 2.81267 2.91931 0.581557 6.05323 4.98184 11.6191 15.7445 14.7217 5.04065 16.5688 24.6679 13.3753 13.1714 
10.2525 0.232757 0.45216 7.89982e-005 9.22005 2.3471e-005 0.00627306 35.8463 0.0111641 5.40451e-006 3.37944e-005 0.000288387 0.000273311 2.62508e-006 1.25223 0.000497436 1.28935 18.4974 3.57373 4.11418 6.27556 1.27825 22.3965 5.40632 5.46393 4.66824 4.1707 2.58764 2.86854 11.5487 12.9746 9.023 3.63534 
0.11819 0.153613 0.00271719 7.89982e-005 0.00300361 46.9426 0.00540578 0.0004288 1.54452e-005 0.0124931 0.000375494 0.000288387 0.000130771 0.000262508 0.143225 0.000497436 0.000733288 2.53623 0.166759 1.53335 1.56415 2.86957 0.392717 0.844731 3.28821 0.135547 0.509196 0.569541 0.043623 0.407017 0.153821 1.33001 0.5342 
4.40892 0.224277 0.0827614 7.89982e-005 0.00494241 0.00023471 22.241 8.15999e-005 0.001649 0.000506403 0.000375494 0.000288387 0.000130771 0.000262508 0.332709 0.000497436 0.00199316 2.04877 0.467627 9.71605 1.21198 2.97882 0.597442 0.710184 2.96742 1.47693 0.909498 1.61522 0.311138 0.747584 0.967475 1.02797 0.697315 
0.449195 0.00304914 0.000122435 7.89982e-005 0.00328249 0.000173685 4.44189e-006 16.0001 9.08539e-005 2.16181e-005 0.000375494 0.000288387 9.41549e-005 0.000262508 0.00656782 0.000497436 0.00024607 10.4304 3.41689 7.11366 5.06647 1.64366 0.816497 1.45451 10.5401 1.67549 18.7048 0.47112 8.25056 1.29945 2.7908 4.8518 1.76285 
5.32341 0.000744678 0.573573 7.89982e-005 0.00139486 0.00023471 0.000237641 7.99999e-005 18.1708 2.16181e-006 0.000375494 0.000288387 0.000130771 0.000262508 0.00351995 0.000497436 1.23035e-005 5.17321 2.76477 5.66993 2.17763 5.34203 0.248852 37.9144 3.79667 0.116202 1.1464 0.273458 2.26707 7.5161 0.861651 1.21061 6.55359 
0.0160662 0.575724 0.000177208 7.58382e-005 4.60959e-005 2.58181e-005 3.66456e-005 0.005768 0.00288734 10.809 0.000375494 0.000288387 0.000130771 0.000262508 1.75358 0.000497436 0.0457025 4.43952 7.05842 2.90977 1.65793 14.4879 0.403598 13.5742 24.1501 8.92026 7.1083 5.38782 14.6493 8.55672 6.00288 7.12426 10.264 
0.0294676 0.0278013 0.000107399 7.89982e-005 4.60959e-005 0.00023471 0.000111047 0.0057616 2.45306e-005 5.40451e-005 75.0988 0.000288387 0.000130771 0.000262508 0.130277 0.000497436 0.0406458 0.489186 0.175807 0.26505 0.0241129 0.0326265 0.173064 0.0229154 0.242989 0.0316623 1.69592 0.0180115 0.535896 0.502757 0.0234955 0.83346 0.159251 
0.659738 5.50839e-005 0.0148157 7.89982e-005 4.60959e-005 0.000492891 0.00684607 0.639554 9.08539e-005 5.40451e-005 0.000375494 57.6775 0.000130771 0.000262508 4.4701 0.000497436 0.00554149 0.545838 0.618314 0.190437 0.0755676 0.0307405 0.0129953 0.102228 0.122211 0.102726 1.79476 0.121471 0.0273287 0.248897 0.140998 1.06771 0.0160367 
1.39876 0.110096 0.0891474 7.89982e-005 4.60959e-005 0.00023471 9.10588e-005 0.0630455 0.0247868 5.40451e-005 0.000375494 0.000288387 26.1541 0.000262508 2.80304 0.000497436 0.379053 4.27239 9.491 0.688085 1.31331 1.70519 0.184288 0.44939 2.57752 7.50734 2.14382 6.49737 1.91877 3.18024 3.16819 13.9574 2.42847 
0.458293 0.235869 0.0116184 7.89982e-005 0.000335118 0.00023471 0.000326479 0.0601976 0.0083095 5.40451e-005 0.000375494 2.88387e-005 5.23083e-006 52.5016 34.3255 0.000497436 0.336111 0.828336 1.97554 13.9575 1.72814 0.770003 0.38573 1.14737 2.50097 1.8984 4.03675 4.89593 0.722966 2.50139 10.548 4.59961 3.64644 
0.00896567 5.72892 3.32161 9.52867 8.85733 0.00889316 0.00241639 0.5187 0.239743 5.40451e-005 8.84458 0.000288387 1.30771e-006 0.000262508 12.4718 0.000497436 0.00024607 0.403544 8.15995 1.16956 1.66771 1.70408 0.0283195 0.626776 11.2975 3.94433 11.4092 8.61505 1.28784 5.35339 8.38661 1.39775 4.56537 
1.10574e-005 6.97264e-005 0.000107399 7.89982e-005 4.60959e-005 0.00023471 0.000111047 7.99999e-005 9.08539e-005 5.40451e-005 0.000375494 0.000288387 0.000130771 0.000262508 5.80658e-005 99.4871 0.00024607 7.70909e-005 6.52641e-005 0.000128726 0.000257892 7.93447e-005 0.000307653 8.38073e-005 4.44278e-005 0.000247091 6.33283e-005 0.000220108 0.000260001 9.86113e-005 2.41366e-005 0.00014549 0.000158434 
0.00163207 6.97264e-005 0.000107399 7.89982e-005 7.83631e-006 0.00023471 0.000111047 7.99999e-005 9.08539e-005 5.40451e-007 0.000375494 5.76774e-006 0.000130771 0.000262508 5.80658e-005 0.000497436 49.2139 2.83388 1.05925 0.223263 0.102133 0.767553 0.0148504 0.306397 5.16729 4.20055e-005 6.33283e-007 0.0118352 0.0887513 0.394867 0.173239 0.0635093 1.33209 
8.66911 0.35239 4.08886 0.484602 4.61996 1.25267 0.976298 0.561728 2.08616 0.863958 0.0546869 2.98531 1.91853 11.7532 0.000503431 0.000497436 0.00024607 15.4182 0.00120282 0.000786517 0.000257892 3.33248e-005 0.000307653 8.38073e-005 1.62706 0.000551013 6.33283e-005 0.000138668 0.000260001 0.0325486 0.0658515 0.00142289 6.02049e-005 
2.89772 5.23247 34.9614 16.7795 4.48193 1.36922 2.16447 3.39048 6.99478 2.23743 0.000495652 5.72489 16.6874 16.7013 0.00102428 0.000497436 0.00024607 0.820454 13.0543 1.32441 0.000116051 7.93447e-007 3.9995e-005 0.00302796 3.39173 0.00149984 6.33283e-005 0.000220108 0.0951733 0.296795 2.8322 0.000429196 0.00615991 
3.66136 1.65702 5.60286 2.9162 1.9734 0.861256 2.16796 0.0741575 0.18614 0.778246 7.50988e-006 2.98016 2.6842 0.806776 0.000772856 0.000497436 0.00024607 0.000748553 0.000675484 25.7453 9.7999e-005 0.00282308 6.46072e-005 0.000240527 1.01705 0.00159868 1.01325e-005 0.000314755 1.3e-005 0.241339 0.220792 0.000135306 0.00387529 
0.973302 0.412812 0.711987 0.0338523 1.04529 0.160513 0.658257 1.37859 0.210039 0.0198908 0.116076 0.111156 2.60931 4.49964 0.000927311 0.000497436 0.00024607 3.62327e-005 0.00245524 0.000863752 51.5784 0.000144407 0.000510705 8.38073e-006 0.00204501 0.000279213 6.33283e-005 0.00831789 0.000260001 0.00549265 0.0355428 0.000583415 4.27772e-005 
6.61213 1.22487 0.754601 1.82658 0.769639 0.105455 1.15474 4.69961 0.268498 0.13149 6.0079e-005 18.2722 25.5027 5.1174 0.00218676 0.000497436 0.00024607 3.85454e-006 0.0015448 0.000717005 0.0069373 15.8693 8.6143e-005 1.50853e-005 0.000155942 0.000247091 6.33283e-005 3.08151e-005 8.58003e-005 0.0401545 2.06412 9.02039e-005 0.0257899 
0.490078 0.339922 0.972074 0.779665 0.125661 0.0831272 0.217659 0.0030568 0.0774402 2.3299 0.0926719 0.415531 0.588119 0.129293 0.000174197 0.000497436 0.00024607 3.23782e-005 4.1769e-005 9.13956e-005 0.000257892 3.17379e-006 61.5307 0.000871596 0.00124353 0.000247091 1.89985e-006 0.000904645 0.000228801 0.0128224 0.0530439 0.000743454 0.000804844 
10.052 0.816513 2.11214 0.0442808 0.261607 0.250332 1.09916 0.534084 0.462215 0.389041 0.163704 0.698503 0.899933 1.22844 3.77428e-005 0.000497436 0.00024607 0.000323011 0.00163095 0.000348848 0.000257892 7.93447e-005 3.07653e-006 56.7615 0.112258 2.47091e-006 6.33283e-005 2.20108e-006 0.000790403 0.00991043 0.0403474 0.000221145 0.000107735 
13.7461 11.672 6.99852 12.4287 9.91448 0.535796 0.986216 0.803842 42.9602 0.796318 0.00300771 6.97407 12.0602 4.75386 0.000652079 0.000497436 0.00024607 0.285367 0.00651597 4.77147 0.000368786 0.0263662 0.00748521 1.0e-006 8.88567 0.000219911 0.000906861 0.000220108 7.80003e-006 0.0489299 0.569293 0.00205723 0.00333187 
0.78693 0.28376 1.37821 0.441161 3.07675 0.753857 0.789504 1.25803 0.032254 0.0768138 0.00227925 0.00768264 0.540508 0.0218538 6.15498e-005 0.000497436 0.00024607 3.00655e-005 0.0218106 0.000796815 0.000257892 3.96723e-006 3.07653e-006 4.27417e-005 0.000226138 49.4185 6.33283e-005 0.000220108 0.000260001 0.0030747 0.895884 1.4549e-005 0.0029944 
6.24153 9.88181 2.13284 0.829708 16.0466 0.0128644 1.16939 11.5237 0.251009 6.90492 2.33627 1.89393 2.19358 0.923715 0.000302523 0.000497436 0.00024607 2.38982e-005 3.65479e-005 0.000611449 0.0104859 0.00999188 0.000184592 8.38073e-005 0.000668194 8.15401e-005 12.6657 2.20108e-006 0.000260001 0.0602564 0.53432 0.000132396 4.59458e-005 
0.00402168 7.75839 2.81645 1.38835 0.548201 0.000178379 3.49093 0.391713 2.30461 3.81836 0.00361225 0.00816136 0.00684585 0.0353966 6.38724e-006 0.000497436 0.00024607 4.16291e-005 3.98111e-005 4.89159e-005 0.0096658 0.00505426 2.81606 8.38073e-005 4.44278e-005 0.000247091 6.33283e-005 44.0216 1.04e-005 0.000146931 0.000207574 4.80117e-005 0.000815935 
0.843201 0.584898 0.773086 0.0645755 1.51878 0.198907 0.246544 0.625375 0.222895 0.26467 0.000375494 0.121059 5.41627 1.25945 5.80658e-005 0.000497436 0.00024607 4.62545e-006 6.52641e-005 4.76287e-005 0.0590367 0.0319402 0.220108 8.38073e-005 0.00108137 0.000247091 6.33283e-005 0.00016288 52.0002 0.00510905 0.157815 2.9098e-006 0.000280428 
1.63645 2.50025 1.24601 3.2222 12.158 2.55619 2.68297 8.60483 1.19043 1.68863 3.74985 0.00193219 0.735 0.00138604 0.00237663 0.000497436 0.00024607 4.77407 0.00302238 1.44529 11.6343 6.90299e-005 2.03 0.732536 0.00300865 0.000973539 0.000146922 0.00114896 0.000260001 19.7314 1.70194 6.25607e-005 7.76326e-005 
4.0494 26.2208 6.29545 22.6601 4.7496 26.727 46.2547 11.4604 13.3358 59.7855 8.40809 1.47424 0.224726 0.00289021 0.000621304 0.000497436 0.00024607 15.9408 17.8756 12.8672 5.1386 17.4953 5.38055 1.80131 0.00206367 9.38946e-005 6.18425 0.000167282 0.000060001 0.00015482 4.84634 2.03686e-005 0.000237651 
2.46412 3.54122 1.58214 4.4672 3.88771 11.064 4.00197 0.0554888 9.46253 2.82813 0.0141674 0.340732 1.35463 5.51266e-005 0.000588787 0.000497436 0.00024607 4.93382e-005 0.00576348 0.00212398 0.0144316 0.204646 0.248553 0.00031763 0.03619 0.000370637 6.33283e-005 0.0448625 0.000260001 0.678206 1.01845 29.0985 4.75302e-005 
1.06961 4.78857 1.08999 6.2256 1.52415 6.88262 9.51096 0.004884 1.23836 6.21056 0.733358 0.0232815 0.292787 0.000105003 0.000376847 0.000497436 0.00024607 0.00749092 0.0012733 0.0193437 0.00143904 0.0219658 0.0177731 1.08949e-005 0.00334541 0.00152949 0.000377437 0.00500746 7.02003e-005 0.00199195 0.538284 0.0835215 31.6868 
